movie_id,neighbor_movie_id,similarity_score
19995,597,0.5925671037939075
19995,280,0.44400470510213785
19995,36955,0.43994978267676216
19995,5925,0.3547360664534818
19995,14275,0.34448640913096906
19995,218500,0.3120432397071483
19995,218,0.29363114626978626
19995,35944,0.28757681050621636
19995,68718,0.28565777017902527
19995,42497,0.28526184792336146
285,58,0.7664191894673176
285,22,0.5860852625338311
285,1865,0.488901207038705
285,57201,0.4637247571636693
285,44896,0.28226724349092913
285,808,0.24294935736466242
285,855,0.1987767469347238
285,9470,0.17533359609241805
285,9342,0.17494960673627816
285,676,0.1648085632718039
206647,37724,0.5933661039639303
206647,101173,0.29814239699997197
206647,2268,0.28022426915890253
206647,10890,0.2685430777647874
206647,783,0.2525907427704613
206647,10681,0.24853371169310862
206647,671,0.22681617718163874
206647,62211,0.22271770159368703
206647,4147,0.21808918607248967
206647,126186,0.2154101092138323
49026,155,0.7863293772334405
49026,27205,0.7222227267680053
49026,272,0.6625413488689132
49026,1124,0.6326266278117372
49026,157336,0.6135140280436617
49026,77,0.48075017537254333
49026,49521,0.4583011673997352
49026,157353,0.33815538672121986
49026,13785,0.25438386528639634
49026,209112,0.24673188560991338
49529,10681,0.3356643640634857
49529,862,0.3315018176404687
49529,12,0.31051867186111043
49529,9487,0.3053857783007297
49529,863,0.2764294762875764
49529,585,0.2589661986891187
49529,140823,0.23002185311411805
49529,10193,0.22739701341354884
49529,10865,0.21744269101781405
49529,1271,0.21531408048872458
559,558,0.6062754572551409
559,557,0.4441155916843275
559,1930,0.3763089045031909
559,16871,0.2964997266644405
559,766,0.292152362922538
559,764,0.28446279355845633
559,1927,0.2804840970025372
559,1726,0.2658047665355975
559,14275,0.25476233268253407
559,26306,0.22645540682891918
38757,62764,0.28953301207179316
38757,13053,0.2864459496157732
38757,10198,0.25515518153991446
38757,10545,0.25000000000000006
38757,10179,0.21997067253202995
38757,783,0.21650635094610968
38757,479,0.21606040536255622
38757,13994,0.21029775604801498
38757,15301,0.21029775604801498
38757,13700,0.20833333333333337
99861,24428,0.628599937151554
99861,271110,0.5056958712892092
99861,118340,0.44982345106024185
99861,10138,0.4450123667345042
99861,100402,0.43902705525372276
99861,68721,0.3922322702763681
99861,76338,0.36376641863427606
99861,11544,0.3170114791543561
99861,1726,0.306697807541074
99861,10195,0.28504385627478446
767,675,0.7621208131672653
767,674,0.6173309979059933
767,673,0.5954068852869262
767,672,0.512182216897691
767,671,0.44621074825316
767,304357,0.2195121951219512
767,258489,0.20723908457632684
767,710,0.19278507708475193
767,116149,0.19127301391900148
767,550,0.19053020329181639
209112,49521,0.580464557543441
209112,142061,0.2946278254943948
209112,1271,0.2842867663420888
209112,8285,0.2749859704614352
209112,71676,0.2553441154284755
209112,9659,0.25064020591380154
209112,49026,0.24673188560991338
209112,155,0.24428495910091946
209112,1124,0.24224069756247724
209112,36648,0.2314550249431379
1452,36658,0.5199469468957453
1452,36657,0.4259217009643013
1452,2253,0.3426901876863411
1452,81005,0.31672303298595833
1452,246655,0.30644818740323665
1452,629,0.28729517569053437
1452,49538,0.227429413073671
1452,6478,0.21442250696755896
1452,1788,0.19795189561622395
1452,13994,0.19131158091484032
10764,36557,0.3910371502940006
10764,36643,0.26507948099153394
10764,37724,0.24397501823713333
10764,11342,0.2268161771816387
10764,41513,0.210528725646512
10764,50647,0.19756519492339994
10764,11918,0.19639610121239315
10764,13967,0.19639610121239315
10764,985,0.1944611170656493
10764,14144,0.1930468356263361
58,22,0.7916666666666666
58,285,0.7664191894673176
58,57201,0.5590169943749476
58,1865,0.4948812053487256
58,808,0.36742346141747667
58,9342,0.3233808333817773
58,44896,0.2608745973749755
58,10501,0.22916666666666674
58,11551,0.22271770159368703
58,19585,0.2175970699446223
57201,58,0.5590169943749476
57201,22,0.4844813951249544
57201,285,0.4637247571636693
57201,1865,0.3849001794597505
57201,9342,0.3615507630310935
57201,808,0.3286335345030996
57201,44896,0.29999999999999993
57201,11551,0.25896619868911863
57201,10501,0.22360679774997896
57201,62213,0.196931590360844
49521,209112,0.580464557543441
49521,49026,0.4583011673997352
49521,155,0.4332948868044713
49521,1124,0.4296689244236598
49521,157336,0.4005963724010764
49521,27205,0.37397879600338285
49521,272,0.3514317480027574
49521,71676,0.32081182634096883
49521,77,0.3019405424385589
49521,36648,0.277968493747913
2454,411,0.666938942220868
2454,10140,0.39363661515662596
2454,94352,0.3800760228076026
2454,809,0.3555285645684319
2454,40769,0.2686866453119395
2454,79120,0.2381652558112334
2454,12,0.21876112704929176
2454,415,0.2186870084203477
2454,49529,0.20874143036171655
2454,49787,0.2044398826909146
24428,99861,0.628599937151554
24428,271110,0.4207580473429522
24428,100402,0.372741914953162
24428,118340,0.3645487844484219
24428,10138,0.340613657372866
24428,10195,0.325779182072302
24428,76338,0.3179279275494731
24428,11544,0.31400656319342335
24428,1726,0.3037906537070183
24428,68721,0.2525343242128887
1865,58,0.4948812053487256
1865,285,0.488901207038705
1865,22,0.4733646312031288
1865,57201,0.3849001794597505
1865,808,0.31622776601683794
1865,9342,0.2504897164340598
1865,762,0.2066434732926889
1865,19585,0.20225995873897265
1865,676,0.20225995873897262
1865,10628,0.1987615979999813
41154,608,0.4830458915396478
41154,607,0.30265312816681733
41154,267935,0.24720661623652213
41154,664,0.24444444444444446
41154,70435,0.24224069756247724
41154,11321,0.23918696011959545
41154,594,0.2366823156015644
41154,2359,0.22718473369882597
41154,1779,0.21764287503300353
41154,264656,0.2153250644999797
122917,57158,0.930397466301614
122917,49051,0.728813559322034
122917,254,0.5518061604005179
122917,1024,0.44870412052494657
122917,7980,0.44834250532542075
122917,122,0.4074787359804294
122917,121,0.40375739103654934
122917,120,0.40375739103654934
122917,14902,0.28464928777678566
122917,10622,0.26454413165729807
1930,102382,0.49441323247304403
1930,559,0.3763089045031909
1930,558,0.25
1930,1726,0.24450482346091287
1930,585,0.2417468892076141
1930,27995,0.23883257361061289
1930,68721,0.2345207879911715
1930,1979,0.22996655275194997
1930,99861,0.22996655275194997
1930,407887,0.22268088570756162
20662,12113,0.5285251583181322
20662,4982,0.4476368928928758
20662,109091,0.34557414197724023
20662,286217,0.34171285718813216
20662,147441,0.3379781783072063
20662,1495,0.3308620512686473
20662,70981,0.30151134457776363
20662,98,0.30099104851351716
20662,9476,0.2882999880625789
20662,4421,0.2804840970025372
57158,122917,0.930397466301614
57158,49051,0.702186767020086
57158,254,0.5893796917545017
57158,1024,0.4647342912165045
57158,7980,0.4643597571399105
57158,122,0.4403855060505442
57158,120,0.4181818181818182
57158,121,0.4181818181818182
57158,14902,0.315876986356996
57158,10622,0.2739950981002967
2268,2105,0.40857528153788336
2268,9310,0.39062145332563925
2268,8273,0.3619211759357432
2268,2770,0.33883707378584865
2268,1901,0.32497116510335355
2268,55720,0.31008683647302115
2268,16300,0.2815462531857365
2268,206647,0.28022426915890253
2268,245,0.2708093042527946
2268,8916,0.26296185307038883
254,57158,0.5893796917545017
254,49051,0.569050102913034
254,122917,0.5518061604005179
254,7980,0.49122807017543857
254,1024,0.4728121217763678
254,122,0.3965412516529751
254,120,0.3571998131845465
254,121,0.3571998131845465
254,10622,0.26914524410099555
254,14902,0.24822864113523635
597,19995,0.5925671037939075
597,36955,0.5208002272583306
597,280,0.4618911998152467
597,5925,0.3832197451674702
597,2756,0.3605588523471711
597,14275,0.3583638619256225
597,13510,0.3310423554409472
597,218500,0.3246137365805978
597,376010,0.3227718808918281
597,218,0.3215367596812404
271110,99861,0.5056958712892092
271110,100402,0.48377944684689683
271110,24428,0.4207580473429522
271110,1726,0.3656125345764392
271110,10138,0.36170212765957444
271110,68721,0.35068322372798977
271110,76338,0.3376118524547578
271110,102899,0.3300547988028139
271110,10195,0.25369608220794343
271110,118340,0.23657281649063713
44833,227156,0.1614429614050549
44833,10501,0.1597524126056735
44833,11519,0.1533929977694741
44833,642,0.1479019945774904
44833,65057,0.14659886790209342
44833,2687,0.14467284665112362
44833,9675,0.14301938838683886
44833,134371,0.14301938838683886
44833,3683,0.14171085778131032
44833,8960,0.1414213562373095
135397,640,0.2989569952312874
135397,11519,0.27739752054574096
135397,783,0.24781017679048262
135397,7450,0.24468622931507097
135397,329,0.24112141108520607
135397,1911,0.23240805359505928
135397,267935,0.22990024493585143
135397,13909,0.22874785549890703
135397,771,0.2261919333169829
135397,644,0.22619193331698284
37724,206647,0.5933661039639303
37724,57165,0.24999999999999997
37724,10764,0.24397501823713333
37724,2268,0.24119095530943302
37724,25,0.22587697572631282
37724,101173,0.22453655975512468
37724,2320,0.21740658913657607
37724,4147,0.19546750924338122
37724,700,0.1906925178491185
37724,36557,0.18856180831641267
558,559,0.6062754572551409
558,557,0.4828045495852674
558,1927,0.2642625791590661
558,41823,0.25604577824959457
558,99861,0.2508726030021272
558,1930,0.25
558,925,0.24370871833797697
558,68728,0.23836564731139814
558,766,0.22938001880319028
558,27995,0.22390553775994956
68721,1726,0.43788026951985703
68721,10138,0.4331969234286932
68721,99861,0.3922322702763681
68721,271110,0.35068322372798977
68721,1724,0.2857738033247041
68721,102899,0.28
68721,5236,0.271960041460034
68721,100402,0.25584085962673253
68721,24428,0.2525343242128887
68721,76338,0.24003967925959163
12155,62213,0.4706787243316417
12155,241259,0.469041575982343
12155,3933,0.407940062190051
12155,869,0.39617738670844205
12155,587,0.353380883439509
12155,118,0.3373096170846272
12155,62214,0.32827000172091686
12155,522,0.29514591494904874
12155,162,0.282842712474619
12155,75,0.26263966158357477
36668,127585,0.3864634590332682
36668,36657,0.3822396878512948
36668,36658,0.3234983196103152
36668,10030,0.2558139534883721
36668,1979,0.21147746721890678
36668,13363,0.2075242687882301
36668,61791,0.20459830184114206
36668,31005,0.20378478648480558
36668,87818,0.19606959042763455
36668,59981,0.19525441139613994
62211,585,0.47425200683433555
62211,10193,0.34236839400873037
62211,9487,0.33586083136977984
62211,863,0.32700764772531515
62211,862,0.32507713972384644
62211,11519,0.2806804457119199
62211,13053,0.2679456508228335
62211,10681,0.26569371377681855
62211,12,0.2611516061993501
62211,920,0.24106302110709238
8373,38356,0.6527912098338672
8373,1858,0.5454545454545453
8373,91314,0.505780538858873
8373,1635,0.38276590791205556
8373,134374,0.31665024819056176
8373,116149,0.2666982304552209
8373,9802,0.25958499574503335
8373,95,0.2551473183931294
8373,10167,0.24393468845452254
8373,30379,0.24174688920761409
91314,8373,0.505780538858873
91314,38356,0.4622367258209527
91314,1635,0.3668126156726501
91314,1858,0.34485036740377706
91314,134374,0.3416651374071856
91314,95,0.25809709637054695
91314,10167,0.24675483634579948
91314,300671,0.24212399923954658
91314,1538,0.2348947819674401
91314,15581,0.228747855498907
68728,16871,0.253546276418555
68728,557,0.2531848417709167
68728,766,0.24057579331422171
68728,558,0.23836564731139814
68728,231576,0.20218402107579714
68728,35944,0.20207259421636903
68728,559,0.1973380543440816
68728,694,0.19364916731037088
68728,14624,0.1906925178491185
68728,75174,0.18856180831641267
102382,1930,0.49441323247304403
102382,228066,0.24444444444444446
102382,300671,0.21516574145596762
102382,10219,0.21081851067789195
102382,39303,0.20874143036171652
102382,5353,0.2087414303617165
102382,559,0.20672455764868075
102382,109091,0.20225995873897262
102382,20662,0.20100756305184242
102382,286217,0.2
20526,22796,0.215206411665471
20526,2055,0.21296085048215072
20526,1979,0.2044652050273827
20526,296098,0.18766297265136728
20526,243940,0.1865009616480628
20526,125537,0.18650096164806276
20526,104896,0.1844626385704037
20526,70435,0.18430244519362143
20526,11013,0.18401868452464443
20526,811,0.18200630207731602
49013,920,0.4602873089491617
49013,13994,0.3371708921694099
49013,91076,0.3362691229906829
49013,862,0.3310423554409472
49013,10193,0.31378581622109447
49013,9487,0.307821536544563
49013,863,0.2997074597061421
49013,1572,0.2997074597061421
49013,13053,0.29819972656439
49013,9906,0.297112541083283
44912,11678,0.2793721183078314
44912,7305,0.23281009858985946
44912,1538,0.2186870084203477
44912,9366,0.19754591932991794
44912,49524,0.19053020329181639
44912,11458,0.18478728707195913
44912,9957,0.18224227560060588
44912,2142,0.173259232729684
44912,14295,0.17073170731707316
44912,11676,0.1700204568168902
10193,863,0.6612465225335806
10193,862,0.5843047258450759
10193,585,0.4818120558297158
10193,9487,0.4616435357484827
10193,920,0.41524093318761834
10193,11519,0.353153216848064
10193,12,0.3430251187202066
10193,62211,0.34236839400873037
10193,13053,0.32680993517304624
10193,49013,0.31378581622109447
534,30379,0.28931878117892235
534,1635,0.28931878117892235
534,1779,0.2809757434745082
534,1430,0.28015776286411065
534,9647,0.27498597046143514
534,2359,0.27496334066503747
534,37903,0.2608745973749755
534,54897,0.2608745973749755
534,11469,0.25756109818496586
534,25248,0.2553769592276246
168259,51497,0.5656854249492382
168259,9799,0.40572041296678973
168259,584,0.3012320380383547
168259,11968,0.26666666666666666
168259,10483,0.24397501823713336
168259,1635,0.23904572186687878
168259,14709,0.2253744679276044
168259,7451,0.21979349113192903
168259,9093,0.219793491131929
168259,9615,0.21912524504463887
72190,228150,0.24510221106170005
72190,64689,0.22467702680655838
72190,4512,0.2127659574468085
72190,8967,0.1979097737100941
72190,314385,0.19492029389636262
72190,5925,0.19457601286123688
72190,597,0.18779426534734153
72190,10065,0.18565582432658279
72190,238636,0.18205051366411534
72190,19995,0.18052203081325435
127585,246655,0.47837392023919084
127585,36668,0.3864634590332682
127585,36657,0.37364893492427925
127585,49538,0.3442651863295482
127585,36658,0.2951459149490488
127585,4257,0.23904572186687878
127585,9947,0.22473328748774735
127585,10117,0.19346033336266982
127585,2080,0.18624807887188755
127585,36669,0.18624807887188755
54138,13475,0.877733824497306
54138,188927,0.5875120888504803
54138,37686,0.23935677693908453
54138,75656,0.21516574145596765
54138,291805,0.21516574145596765
54138,270946,0.21081851067789195
54138,18240,0.2105379802666298
54138,70875,0.2041241452319315
54138,18925,0.1981484809753043
54138,56292,0.19364916731037088
81005,2253,0.3520340307890974
81005,36658,0.3411211461689767
81005,1452,0.31672303298595833
81005,783,0.24497796746943296
81005,9906,0.23754227473946876
81005,9671,0.23424374030084533
81005,9003,0.22996655275195
81005,1895,0.22996655275195
81005,707,0.2272727272727273
81005,12589,0.22613350843332272
64682,824,0.48441100096626927
64682,6972,0.46994769957531923
64682,454,0.44485084203895076
64682,253261,0.17078251276599332
64682,49730,0.15430334996209194
64682,328425,0.14917354742965408
64682,4257,0.14285714285714288
64682,26379,0.14101901870444156
64682,20468,0.13957263155977065
64682,215881,0.130066495428618
9543,783,0.324059461956785
9543,9802,0.24238714897403307
9543,671,0.23964061052266444
9543,1911,0.23240805359505928
9543,30379,0.22416326513328616
9543,11519,0.22191801643659276
9543,2832,0.22011272658140596
9543,1701,0.2117793624007553
9543,9962,0.20947289622255394
9543,13053,0.20806631666082195
68726,1417,0.4015578538770222
68726,11253,0.35868505789931354
68726,417859,0.29110161845558524
68726,228326,0.2247805947796066
68726,17654,0.22218821989286364
68726,470,0.21832621384168893
68726,187,0.21073180760588114
68726,7978,0.20604887854797269
68726,8068,0.19274776986097064
68726,62211,0.18394180184548975
38356,8373,0.6527912098338672
38356,91314,0.4622367258209527
38356,1858,0.45695384688370677
38356,1635,0.34718253741470684
38356,134374,0.3435921354681384
38356,9802,0.3250056229832959
38356,11519,0.280056016805602
38356,91076,0.27783119144576074
38356,783,0.2706329386826371
38356,30379,0.2700308624336609
217,87,0.6197733194098476
217,85,0.6055300708194986
217,89,0.5767872751316002
217,1892,0.4429116695439449
217,11,0.4403855060505442
217,1891,0.4320632061376772
217,1893,0.4182509562856521
217,1895,0.4151682458530184
217,1894,0.40740740740740733
217,330,0.3304867113278891
105864,10622,0.26914524410099555
105864,2022,0.26765168951565543
105864,17795,0.24853371169310862
105864,1024,0.2445579940222592
105864,11843,0.23009750575655635
105864,14220,0.21775177815467112
105864,15699,0.21486752129677
105864,2062,0.2148208058877394
105864,9208,0.21252319110217677
105864,8619,0.21239769762143662
62177,673,0.24419314525275215
62177,5255,0.19003715589632167
62177,165,0.17764623667373103
62177,767,0.17505471314812435
62177,4584,0.16898159235484367
62177,672,0.167093470609201
62177,264999,0.1653796461189446
62177,285783,0.1653796461189446
62177,196,0.15253477177414312
62177,20391,0.15202972471705734
188927,54138,0.5875120888504803
188927,13475,0.5543218625245872
188927,22907,0.2369017707396714
188927,4638,0.21759706994462233
188927,7942,0.21759706994462233
188927,107985,0.2175970699446223
188927,747,0.2175970699446223
188927,39513,0.2090605025017727
188927,8355,0.20691022044226628
188927,34813,0.18609684207969418
10681,862,0.44957188105093393
10681,9487,0.440931374958809
10681,863,0.40350877192982454
10681,12,0.3966106777878722
10681,585,0.37169597083751416
10681,49529,0.3356643640634857
10681,10193,0.3122553023075242
10681,920,0.27590308020025894
10681,62211,0.26569371377681855
10681,48340,0.25471391614863703
5174,5175,0.3294345637345082
5174,9416,0.2217095981894773
5174,10589,0.1904761904761905
5174,9013,0.16666666666666669
5174,76349,0.16208817969462155
5174,8584,0.1575521978122203
5174,622,0.14564381625088382
5174,10610,0.14557847581859087
5174,296099,0.14285714285714288
5174,1272,0.1336306209562122
14161,47933,0.6063390625908324
14161,117251,0.5720345773572676
14161,435,0.4853626716970755
14161,2024,0.282842712474619
14161,602,0.28005601680560194
14161,1090,0.228747855498907
14161,61891,0.17500000000000002
14161,272,0.16770509831248423
14161,45054,0.1653594569415369
14161,2320,0.15625
17979,5255,0.31844693546056513
17979,165,0.31008683647302115
17979,285783,0.3079201435678004
17979,196,0.3042903097250923
17979,50321,0.2955308804372051
17979,2655,0.25819888974716115
17979,686,0.23668231560156439
17979,9488,0.23078316568852544
17979,364083,0.22739701341354884
17979,10054,0.22473328748774737
76757,7459,0.509524665365068
76757,9303,0.41256147624028094
76757,605,0.35432933563515595
76757,604,0.32394177193585005
76757,752,0.2916059217599022
76757,22832,0.22566773346211
76757,12103,0.14698618394803278
76757,187017,0.14547859349066158
76757,321741,0.13894797797426317
76757,8741,0.13608276348795434
258489,7874,0.26673253468463226
258489,1499,0.24775204170460016
258489,671,0.21063136593556733
258489,767,0.20723908457632684
258489,673,0.20236218768597955
258489,116745,0.19881069312188604
258489,672,0.19781414201873612
258489,4257,0.1970276015597752
258489,1955,0.19667959845934166
258489,9449,0.19355957712870311
411,2454,0.666938942220868
411,809,0.40006613209931946
411,94352,0.3888078956798695
411,10140,0.3825460278380029
411,40769,0.26111648393354675
411,79120,0.23145502494313788
411,8618,0.22430886163681768
411,48340,0.22430886163681768
411,11362,0.21650635094610965
411,9869,0.2160604053625562
246655,127585,0.47837392023919084
246655,49538,0.42107596053325935
246655,36657,0.3225992952145052
246655,1452,0.30644818740323665
246655,36658,0.28879794895246214
246655,1927,0.21635274585338146
246655,629,0.21276595744680848
246655,2253,0.20036097492521526
246655,9947,0.1979097737100941
246655,81005,0.175919798853417
155,49026,0.7863293772334405
155,272,0.6986670116874988
155,1124,0.6218706970438532
155,157336,0.5812178109586541
155,27205,0.579304082791571
155,49521,0.4332948868044713
155,77,0.4251952027621872
155,157353,0.345645563728954
155,209112,0.24428495910091946
155,13785,0.23932498098297528
14160,585,0.34283715293537814
14160,150540,0.3283836489466588
14160,12,0.3181021383175948
14160,24356,0.27068434304281624
14160,920,0.2703868175699556
14160,12498,0.26282634662581594
14160,10147,0.25171895661120103
14160,11027,0.24948342947268953
14160,862,0.24308048263618864
14160,10681,0.24272607314187553
15512,49444,0.25584085962673253
15512,223702,0.2528249484237158
15512,228967,0.2389760596996216
15512,10996,0.22227711223719354
15512,10186,0.2201927530252721
15512,140300,0.215365246126974
15512,12133,0.20109991663496093
15512,228165,0.18835264373920446
15512,12220,0.186370957476581
15512,10189,0.18556740475630135
1726,10138,0.45163901330030726
1726,68721,0.43788026951985703
1726,271110,0.3656125345764392
1726,99861,0.306697807541074
1726,24428,0.3037906537070183
1726,102899,0.2919201796799047
1726,100402,0.28896024590835157
1726,559,0.2658047665355975
1726,10195,0.25643882226608633
1726,166424,0.2527576391226808
44826,11324,0.4490731195102493
44826,2567,0.3711537444790452
44826,1422,0.3541666666666667
44826,524,0.3370469239302113
44826,106646,0.3368607684266076
44826,203,0.3250056229832959
44826,8649,0.32274861218395146
44826,3131,0.29166666666666674
44826,769,0.2775680550013505
44826,9746,0.27050089040022973
8487,8489,0.22116293423234573
8487,10013,0.19781414201873612
8487,2185,0.19391446622548786
8487,8488,0.1876629726513673
8487,819,0.18227439222421093
8487,11971,0.180129018582505
8487,41154,0.17583479290554324
8487,14271,0.17576247754451407
8487,9541,0.17388180629013672
8487,1832,0.17376201171422898
1735,1734,0.24498947175305574
1735,9334,0.20806259464411977
1735,6978,0.19258222162991084
1735,2085,0.19094065395649332
1735,9457,0.17817416127494962
1735,539,0.16495721976846453
1735,6038,0.16283473681973243
1735,978,0.16208817969462155
1735,70436,0.16101529717988267
1735,227783,0.15877683720748895
297761,321741,0.30441976742493965
297761,77016,0.3029129782651012
297761,7873,0.2894143807081531
297761,144336,0.28400428907675285
297761,1402,0.2637182684284133
297761,2034,0.24444444444444446
297761,156022,0.21531408048872458
297761,18292,0.21400807927407778
297761,21801,0.20995272258175168
297761,14425,0.20701966780270625
2698,10052,0.4859543224404349
2698,310,0.44286104817461064
2698,1624,0.375624113212674
2698,73247,0.3397647942917503
2698,9907,0.3257515165866384
2698,8469,0.3170632437371139
2698,4105,0.3086066999241838
2698,9591,0.3003757045930553
2698,640,0.2999118036141457
2698,12589,0.2992218744656382
137113,177677,0.26104628189331214
137113,75780,0.19926334924652142
137113,2253,0.17374889710522776
137113,36597,0.17320508075688773
137113,7299,0.1649915822768611
137113,12149,0.15348515337873014
137113,276907,0.15348515337873014
137113,652,0.14301938838683886
137113,955,0.14301938838683886
137113,70436,0.1414213562373095
9804,581,0.31481481481481477
9804,12160,0.30641823991366257
9804,2055,0.30376521820404184
9804,9922,0.2909571869813232
9804,12506,0.28867513459481287
9804,10833,0.27789595594852634
9804,12589,0.2721655269759087
9804,783,0.2721655269759087
9804,11644,0.2703690352179376
9804,8197,0.27036903521793754
14869,72559,0.2696799449852968
14869,1734,0.26111648393354675
14869,9457,0.2175970699446223
14869,59967,0.20906050250177272
14869,8999,0.18392019594868114
14869,146216,0.1797866299901979
14869,12153,0.17815670605460154
14869,4248,0.17516226243634267
14869,100241,0.17292861596651865
14869,138697,0.1723139057401838
150540,14160,0.3283836489466588
150540,9487,0.2631773073081477
150540,862,0.24057579331422171
150540,863,0.23036964956043254
150540,10681,0.23036964956043252
150540,12,0.22643141663797006
150540,585,0.21128856368212914
150540,49529,0.18856180831641267
150540,9806,0.1825741858350554
150540,21801,0.1821996742902561
278927,15745,0.4603392506677321
278927,19899,0.29128763250176765
278927,10719,0.2527015890855968
278927,1726,0.23857283174626326
278927,10218,0.23115423855882583
278927,68721,0.22883102141894213
278927,109431,0.21320071635561044
278927,9414,0.21320071635561044
278927,35199,0.19694638556693236
278927,10138,0.19668431441216497
10138,1726,0.45163901330030726
10138,99861,0.4450123667345042
10138,68721,0.4331969234286932
10138,271110,0.36170212765957444
10138,100402,0.351839597706834
10138,24428,0.340613657372866
10138,118340,0.3010926755335382
10138,27995,0.2888557258759076
10138,102899,0.28879794895246214
10138,41823,0.28077128592989664
58595,290595,0.2780938647955929
58595,2675,0.20837855928270652
58595,8645,0.191662969499982
58595,102651,0.191662969499982
58595,745,0.1855768722395226
58595,25,0.18367346938775508
58595,9741,0.18182745801939793
58595,10773,0.17829649164382366
58595,6947,0.17660643936260015
58595,55787,0.170367083999984
102651,79777,0.2840042890767528
102651,314385,0.25896619868911863
102651,58595,0.191662969499982
102651,37710,0.18401748249129446
102651,27576,0.17777777777777778
102651,7305,0.15555555555555556
102651,10865,0.15220988371246985
102651,10219,0.1475729574745244
102651,9741,0.14757295747452437
102651,2977,0.1363988678940947
119450,95,0.2328890038958328
119450,9268,0.22739701341354884
119450,189711,0.21758445525607323
119450,1979,0.2067245576486808
119450,10555,0.20100756305184242
119450,679,0.2
119450,2055,0.19574007317156783
119450,1779,0.1934603333626698
119450,1430,0.19289712886816485
119450,11778,0.187812056606337
79698,45054,0.21597969886241553
79698,10533,0.1667028474261652
79698,62630,0.15848577035006547
79698,47933,0.1385917857350474
79698,9607,0.13552618543578768
79698,96534,0.12777531299998798
79698,11968,0.12777531299998798
79698,11665,0.12371791482634839
79698,117251,0.1188643277625491
79698,435,0.1188643277625491
64686,11519,0.22454435656953595
64686,783,0.21216710619787638
64686,109431,0.19518001458970666
64686,11096,0.19440394783993475
64686,10132,0.19258222162991084
64686,10890,0.19138975058773822
64686,13053,0.1913897505877382
64686,10632,0.19094065395649332
64686,4105,0.1889822365046136
64686,771,0.1872563351797078
100402,271110,0.48377944684689683
100402,99861,0.43902705525372276
100402,24428,0.372741914953162
100402,10138,0.351839597706834
100402,76338,0.34893157889942655
100402,1726,0.28896024590835157
100402,102899,0.2771609312622936
100402,118340,0.26673253468463226
100402,68721,0.25584085962673253
100402,1273,0.24174688920761406
10192,810,0.37267799624996495
10192,809,0.3563483225498993
10192,3179,0.2283867199010496
10192,8872,0.21884405476620425
10192,13403,0.20739033894608502
10192,12177,0.2060408459230335
10192,57800,0.19448665533052606
10192,82690,0.19047619047619047
10192,1378,0.1889822365046136
10192,808,0.18856180831641267
158852,10316,0.19223661202719813
158852,152760,0.17569548212468183
158852,13155,0.1648085632718039
158852,157544,0.16118595467047642
158852,2359,0.15867270075160383
158852,231,0.15779218606680068
158852,1430,0.15156584861455666
158852,9043,0.14634146341463417
158852,135397,0.1428976524688623
158852,1656,0.1428976524688623
177572,10054,0.2984810028978546
177572,9367,0.282842712474619
177572,9488,0.28149445897705094
177572,1428,0.28149445897705094
177572,205587,0.2809757434745082
177572,14199,0.2752988806446741
177572,27576,0.27406406388125953
177572,9276,0.26539552107881487
177572,34101,0.26263966158357477
177572,187,0.2625
82690,13053,0.3366657081707087
82690,772,0.305441419328485
82690,11519,0.29450754468697576
82690,9962,0.2943440656043337
82690,771,0.28894279819853236
82690,8741,0.2857142857142857
82690,783,0.2857142857142857
82690,11212,0.27382077571623753
82690,2832,0.26805548212375485
82690,2133,0.26490647141300877
5255,8358,0.6148758864216781
5255,686,0.531021250116337
5255,165,0.5101887144743907
5255,196,0.5006516358818929
5255,2655,0.49676181462496044
5255,285783,0.47495984510281897
5255,87502,0.4374535230321356
5255,13,0.4293937601787079
5255,2310,0.4279002121398116
5255,9374,0.4077571434211702
47933,14161,0.6063390625908324
47933,117251,0.5717718748968655
47933,435,0.5549550550469577
47933,602,0.40754136648679457
47933,2024,0.291547594742265
47933,1090,0.22191801643659273
47933,61891,0.21828206253269966
47933,45054,0.18333969940564224
47933,273899,0.17424273674761284
47933,10929,0.17149858514250882
10191,82702,0.523682240556385
10191,13053,0.3066746596631935
10191,10727,0.2525343242128887
10191,73247,0.20373864130857494
10191,172385,0.18227439222421096
10191,11478,0.17826260712863456
10191,12228,0.17143634649587836
10191,10193,0.17143634649587836
10191,158752,0.17143634649587836
10191,298584,0.15959855297967945
296,218,0.4571635906556756
296,280,0.3585543941457887
296,2756,0.29127586401773153
296,14557,0.2699527623995086
296,13053,0.25800784355766804
296,1955,0.2522522977486172
296,87101,0.2453582460328592
296,7220,0.24019223070763074
296,11015,0.23533936216582085
296,10999,0.22645540682891918
118340,99861,0.44982345106024185
118340,24428,0.3645487844484219
118340,11544,0.31832750166608376
118340,10138,0.3010926755335382
118340,76338,0.29576024087563846
118340,102899,0.2710687382741972
118340,100402,0.26673253468463226
118340,27995,0.24818179405135812
118340,271110,0.23657281649063713
118340,83686,0.23026564952925205
157336,49026,0.6135140280436617
157336,155,0.5812178109586541
157336,27205,0.5665713854372086
157336,1124,0.5424508028966483
157336,272,0.4306281609774492
157336,49521,0.4005963724010764
157336,77,0.3931079294405247
157336,244783,0.24770754201107464
157336,14799,0.23128442344214895
157336,7450,0.22983614055242746
27205,49026,0.7222227267680053
27205,155,0.579304082791571
27205,157336,0.5665713854372086
27205,272,0.562821176545159
27205,1124,0.5048252022715237
27205,49521,0.37397879600338285
27205,77,0.3486385256233475
27205,157353,0.2948185205998629
27205,75780,0.2643392192172763
27205,177677,0.25687040446902815
315011,8953,0.07868894753646337
315011,193722,0.05681655143089277
315011,61984,0.05423261445466405
315011,9400,0.049507377148833714
315011,192577,0.04356068418690321
315011,10643,0.04042260417272216
315011,1975,0.03537745688386125
315011,1970,0.03537745688386125
315011,149,0.03300491809922248
315011,14290,0.02528608687120868
49051,122917,0.728813559322034
49051,57158,0.702186767020086
49051,254,0.569050102913034
49051,120,0.5617494136160688
49051,122,0.4960610698892184
49051,121,0.49153073691406
49051,1024,0.44870412052494657
49051,7980,0.44834250532542075
49051,10622,0.2810781398858792
49051,11843,0.24356115022372737
9799,168259,0.40572041296678973
9799,51497,0.2797154638927579
9799,3489,0.2721655269759087
9799,13006,0.22645540682891918
9799,8869,0.22566773346211003
9799,4965,0.20573779994945587
9799,11968,0.20286020648339487
9799,9430,0.19611613513818402
9799,11451,0.18184824186332696
9799,11323,0.1805787796286538
4922,1949,0.40508136107565984
4922,210577,0.3078596479934797
4922,37799,0.29887031841660683
4922,65754,0.2175970699446223
4922,4547,0.19382872151427658
4922,11359,0.160930171455096
4922,6488,0.15231794896123563
4922,787,0.13636363636363638
4922,8967,0.13636363636363635
4922,7305,0.13483997249264842
49538,246655,0.42107596053325935
49538,127585,0.3442651863295482
49538,23483,0.29193710406057116
49538,2270,0.288675134594813
49538,107,0.2886751345948129
49538,36658,0.2857738033247041
49538,36657,0.27665837249659325
49538,100,0.253012156852495
49538,246403,0.24771684715343117
49538,48572,0.24224069756247724
131634,131631,0.761637402692894
131634,101299,0.7235680511449362
131634,70160,0.5621171880166099
131634,10523,0.23132597278649608
131634,9741,0.22936585546278224
131634,6171,0.22277981271848007
131634,11411,0.20597661872511303
131634,24071,0.20064308847628198
131634,89325,0.19814192044075551
131634,5966,0.19781414201873612
27022,376659,0.14763464883937316
27022,222649,0.14530784390894486
27022,34016,0.1353825902684706
27022,864,0.1353825902684706
27022,65,0.1338698881504165
27022,15017,0.12903225806451615
27022,9447,0.1233534278728621
27022,87093,0.12220592918446108
27022,13812,0.12220592918446108
27022,65759,0.12108986992412071
503,2133,0.35942537872389235
503,34584,0.25
503,9772,0.22473328748774737
503,453,0.22473328748774735
503,671,0.215365246126974
503,387,0.2090605025017727
503,6479,0.19462473604038075
503,12920,0.1926686588971131
503,85,0.1829510163408919
503,771,0.1829510163408919
241259,12155,0.469041575982343
241259,3933,0.3106182624609683
241259,62213,0.2926847035024818
241259,14113,0.2889602459083516
241259,162,0.2826668855416535
241259,587,0.2825289656088067
241259,869,0.26673253468463226
241259,522,0.2472066162365221
241259,82695,0.24720661623652207
241259,14181,0.24188972342344833
810,809,0.5378528742004773
810,10192,0.37267799624996495
810,417859,0.3685770701003707
810,808,0.2740640638812596
810,11519,0.2530855341217656
810,9449,0.23918696011959548
810,8916,0.23918696011959545
810,18487,0.23668231560156439
810,12107,0.23190036174568118
810,771,0.22110831935702668
68735,113406,0.2560309345858093
68735,13816,0.2173913043478261
68735,205775,0.21063136593556733
68735,13001,0.2044652050273827
68735,370662,0.1978141420187361
68735,25196,0.18766297265136728
68735,12901,0.18430244519362143
68735,14325,0.18421251962340163
68735,168672,0.18421251962340163
68735,75900,0.17782168978975485
87101,218,0.3037906537070183
87101,280,0.2809003238667948
87101,296,0.2453582460328592
87101,2756,0.2271060382292168
87101,95,0.21114838475157285
87101,36955,0.19881069312188604
87101,679,0.19781414201873615
87101,8452,0.19355957712870311
87101,246403,0.18275450606254834
87101,10183,0.17987750016531517
10140,2454,0.39363661515662596
10140,411,0.3825460278380029
10140,162396,0.20869596778242056
10140,15487,0.20823168251814142
10140,22796,0.19538688270775084
10140,193756,0.19127301391900148
10140,49517,0.18624807887188755
10140,24055,0.18421251962340163
10140,94352,0.17848429930126408
10140,4965,0.17708440083028654
676,855,0.469041575982343
676,95,0.4317877695883727
676,8961,0.3181818181818181
676,6282,0.2860387767736777
676,9679,0.2791452631195413
676,10628,0.27638539919628335
676,2119,0.26673253468463226
676,8963,0.26673253468463226
676,9918,0.26220221204253796
676,9802,0.2595849957450333
1858,8373,0.5454545454545453
1858,38356,0.45695384688370677
1858,91314,0.34485036740377706
1858,709,0.31665024819056176
1858,1635,0.30218361150951756
1858,1538,0.27443021509848686
1858,20533,0.2692024941328392
1858,8489,0.26382242650554316
1858,30379,0.2618924633082486
1858,11322,0.2618924633082486
1966,6106,0.39900373444305315
1966,10858,0.3849001794597505
1966,820,0.3604920469572501
1966,9563,0.35855439414578866
1966,2604,0.31622776601683794
1966,10537,0.3142696805273545
1966,792,0.2608360150191666
1966,215918,0.2580462448093459
1966,10673,0.25272513219191517
1966,9541,0.24802326206836478
675,767,0.7621208131672653
675,674,0.5545792454959739
675,673,0.5116279069767441
675,671,0.413924690902784
675,672,0.40919660368228394
675,8848,0.24468622931507097
675,1538,0.2348947819674401
675,116149,0.22827669566705314
675,10555,0.22619193331698287
675,343795,0.22563549475375508
674,767,0.6173309979059933
674,673,0.5786913866044945
674,675,0.5545792454959739
674,672,0.4714045207910319
674,671,0.3614031611621006
674,9613,0.20981358185407062
674,710,0.17078251276599332
674,8367,0.16903085094570333
674,11342,0.16903085094570333
674,4584,0.16685595311797868
8960,1402,0.3245763303734318
8960,82700,0.31192514694602186
8960,11321,0.3044197674249397
8960,8489,0.2608745973749755
8960,246403,0.25584085962673253
8960,9541,0.25571376079220487
8960,1538,0.2504897164340598
8960,6479,0.25018511664883786
8960,137321,0.2412090756622109
8960,8488,0.23190036174568116
6479,137321,0.41778637429367477
6479,2048,0.27247463045653303
6479,193756,0.2635231383473649
6479,8960,0.25018511664883786
6479,82700,0.24012009007506568
6479,8488,0.21908902300206642
6479,246403,0.20925553466486563
6479,10555,0.2088931871468374
6479,262500,0.20672455764868075
6479,8914,0.20672455764868072
118,62213,0.4341215710622297
118,3933,0.3685770701003707
118,587,0.34921514788478925
118,12155,0.3373096170846272
118,869,0.32969023669789355
118,62214,0.2549672368638048
118,252,0.25298221281347033
118,241259,0.22473328748774735
118,12117,0.20225995873897262
118,522,0.2
2062,49013,0.2502172968684897
2062,9487,0.24541410448458642
2062,12,0.2303436924562613
2062,10681,0.2148208058877394
2062,105864,0.2148208058877394
2062,862,0.20708130831852894
2062,62211,0.2047570898369805
2062,14160,0.1981419204407555
2062,863,0.19529164171612673
2062,49051,0.1919530770468844
272,155,0.6986670116874988
272,49026,0.6625413488689132
272,27205,0.562821176545159
272,1124,0.46188021535170065
272,157336,0.4306281609774492
272,49521,0.3514317480027574
272,157353,0.32593413802580323
272,77,0.30429030972509236
272,319,0.24720661623652207
272,177677,0.22718473369882597
10527,953,0.5893757351637603
10527,80321,0.575521365253402
10527,76493,0.3416968784708995
10527,496,0.3068528552968607
10527,23618,0.30139814339315496
10527,18480,0.2989224996269638
10527,38055,0.2762455533096785
10527,270946,0.2401200900750657
10527,322745,0.23249527748763854
10527,9776,0.22259728109199703
18360,1593,0.3767052874784089
18360,181533,0.3015113445777636
18360,16448,0.2558831578595795
18360,14799,0.24140227479263376
18360,13785,0.23754227473946873
18360,13370,0.2355206015936579
18360,239678,0.20935894733965596
18360,9641,0.20004940101347418
18360,257344,0.19583736295016008
18360,11007,0.18835264373920446
2080,39254,0.22223915924615767
2080,36648,0.2086959677824205
2080,36657,0.20723908457632684
2080,36658,0.19877674693472383
2080,36668,0.19053020329181639
2080,2162,0.18835264373920446
2080,11232,0.18835264373920446
2080,127585,0.18624807887188755
2080,293660,0.16671392788033934
2080,9705,0.1648085632718039
605,604,0.7656639446725211
605,9303,0.5841458046043723
605,603,0.42697393166517844
605,7459,0.3971869795707654
605,76757,0.35432933563515595
605,22832,0.33365418559101534
605,752,0.2975746536704546
605,8080,0.13597788272980102
605,11377,0.13153805490049508
605,24977,0.13018891098082389
109445,126141,0.2970442628930023
109445,10530,0.2922380025064031
109445,2105,0.26403934479377983
109445,12770,0.2592814894208657
109445,15489,0.24753688574416854
109445,57800,0.24510221106170005
109445,16300,0.24055570926238246
109445,83,0.23500799597021083
109445,672,0.22961557339788818
109445,14434,0.22578837914485933
604,605,0.7656639446725211
604,9303,0.5094267081084933
604,603,0.4811114185247652
604,7459,0.36894942775579326
604,76757,0.32394177193585005
604,752,0.28005601680560194
604,22832,0.23221018200641197
604,9707,0.17149858514250882
604,24977,0.1680336100833612
604,4970,0.16516802780306675
76338,10195,0.4391550328268398
76338,99861,0.36376641863427606
76338,100402,0.34893157889942655
76338,271110,0.3376118524547578
76338,24428,0.3179279275494731
76338,118340,0.29576024087563846
76338,68721,0.24003967925959163
76338,10138,0.22507456830317185
76338,102899,0.2182178902359924
76338,27205,0.20806259464411975
76341,65759,0.4403855060505443
76341,9836,0.4299253181372339
76341,9659,0.4050957468334666
76341,9355,0.3897622691986716
76341,9447,0.3738481027280295
76341,8810,0.3175953782268872
76341,266857,0.25819888974716115
76341,16288,0.24772017853917944
76341,9598,0.2453266907313291
76341,152760,0.23814483610392007
13448,921,0.48423735461324835
13448,591,0.4517626657580721
13448,96721,0.4166666666666667
13448,11499,0.38729833462074176
13448,44564,0.37500000000000006
13448,8871,0.28295822920905517
13448,3595,0.27386127875258315
13448,453,0.25819888974716115
13448,568,0.25000000000000006
13448,205775,0.24743582965269678
10195,76338,0.4391550328268398
10195,24428,0.325779182072302
10195,99861,0.28504385627478446
10195,102899,0.2683281572999748
10195,1726,0.25643882226608633
10195,271110,0.25369608220794343
10195,100402,0.23836564731139812
10195,10138,0.23063280200722128
10195,137094,0.23063280200722128
10195,10549,0.2192645048267573
13053,783,0.4031128874149275
13053,11519,0.3910769444375215
13053,12589,0.37210420376762543
13053,73247,0.36794648440311994
13053,771,0.36794648440311994
13053,692,0.3651483716701107
13053,12920,0.36232865092627065
13053,1572,0.3614336425994391
13053,1955,0.36099410255771214
